[gd_scene load_steps=9 format=3 uid="uid://b4ed6petbfp7w"]

[ext_resource type="PackedScene" uid="uid://2tm4edtiy5h2" path="res://Floor.tscn" id="1_i0gtf"]
[ext_resource type="Script" path="res://Main.gd" id="1_yh6gx"]
[ext_resource type="PackedScene" uid="uid://c7ipf58q4301f" path="res://HUD.tscn" id="3_d0lgg"]
[ext_resource type="PackedScene" uid="uid://b4r8dksu3kfe8" path="res://Menu.tscn" id="4_msian"]
[ext_resource type="Script" path="res://Camera.gd" id="6_3ggy4"]
[ext_resource type="PackedScene" uid="uid://cof6t2vs4swn6" path="res://CheckPoint.tscn" id="6_vbe7t"]
[ext_resource type="PackedScene" uid="uid://bvqrpit1ed7ph" path="res://Audio/MusicPlayer.tscn" id="7_yjk1q"]

[sub_resource type="Environment" id="Environment_2sg5e"]
background_mode = 1
background_color = Color(0.740676, 0.861286, 1, 1)

[node name="Node3D" type="Node3D"]
script = ExtResource("1_yh6gx")

[node name="WorldEnvironment" type="WorldEnvironment" parent="."]
environment = SubResource("Environment_2sg5e")

[node name="DirectionalLight3D" type="DirectionalLight3D" parent="WorldEnvironment"]
transform = Transform3D(1, 0, 0, 0, 0.467482, 0.884002, 0, -0.884002, 0.467482, 0, 5.05088, 3.16586)

[node name="Background" parent="." instance=ExtResource("1_i0gtf")]

[node name="HUD" parent="." instance=ExtResource("3_d0lgg")]
visible = false

[node name="Menu" parent="." instance=ExtResource("4_msian")]

[node name="Checkpoint1" parent="." instance=ExtResource("6_vbe7t")]
transform = Transform3D(1, 0, 0, 0, 1, 0, 0, 0, 1, 0, 1.01968, 15.9902)

[node name="Checkpoint2" parent="." instance=ExtResource("6_vbe7t")]
transform = Transform3D(1, 0, 0, 0, 1, 0, 0, 0, 1, 16.2817, 1.01968, 15.9902)

[node name="CheckpointFinal" parent="." instance=ExtResource("6_vbe7t")]
transform = Transform3D(1, 0, 0, 0, 1, 0, 0, 0, 1, 10.1044, 1.02198, 30.4044)

[node name="Camera3D" type="Camera3D" parent="." node_paths=PackedStringArray("target")]
transform = Transform3D(-1, -2.30926e-14, -8.74228e-08, -2.83784e-08, 0.945848, 0.324611, 8.26886e-08, 0.324611, -0.945848, 0, 1.60318, -2.12756)
current = true
fov = 58.5
script = ExtResource("6_3ggy4")
lerp_speed = 5.0
target = NodePath("../Lookup")
offset = Vector3(0, 1, -2)

[node name="AudioStreamPlayer3D" parent="Camera3D" instance=ExtResource("7_yjk1q")]
transform = Transform3D(-1, -2.83784e-08, 8.26886e-08, -2.13163e-14, 0.945848, 0.324611, -8.74228e-08, 0.324611, -0.945848, 2.21421e-07, -0.825731, -2.53276)

[node name="Lookup" type="Node3D" parent="."]
transform = Transform3D(1, 0, 0, 0, 1, 0, 0, 0, 1, 0, 1.04002, 0)

[connection signal="countdown_over" from="HUD" to="." method="_on_hud_countdown_over"]
[connection signal="start_new_game" from="Menu" to="." method="_on_control_start_new_game"]
